gl <- list(
  d.day = as.Date("2019-04-28"),
  cut.day = as.Date("2019-04-01")
)